00001000
00001001
00001011
00001001
00001100
00001001
00001101
00000100
00011111
00001111
00010001
00100010
00100110
00000011
00010100
00001001
00010101
00010110
00001001
00000100
00010100
00001001
00010101
00010110
00001001
00000111
00100011
00010111
00100100
00011000
00100000
00010000
00010010
00100010
00101000
8'd13
00010111
00011001
00011010
00011011
00011100
00011000
00100001
00011101
00001110
00010011
00100010
00101000
8'd13
00000111
00011111
00011111
00001111
00010001
00100010
00100110
00011101
00011110
00101000
8'd13
